id1,id2,matching_probability
0,218,1.0
1,219,1.0
10,228,1.0
100,318,1.0
101,319,1.0
102,320,1.0
103,321,1.0
104,322,1.0
105,323,1.0
106,324,1.0
107,325,1.0
108,326,1.0
109,327,1.0
11,229,1.0
110,328,1.0
111,329,0.8
12,230,1.0
14,232,1.0
15,233,1.0
16,234,0.9
17,235,1.0
18,236,1.0
19,237,1.0
2,220,1.0
21,239,0.9
22,240,1.0
23,241,1.0
24,242,1.0
25,243,0.9
26,244,1.0
27,245,1.0
28,246,0.9
29,247,1.0
3,221,1.0
30,248,1.0
31,249,1.0
32,250,1.0
33,251,1.0
34,252,1.0
35,253,1.0
36,254,1.0
37,255,1.0
38,256,0.9
39,257,1.0
4,222,1.0
40,258,1.0
41,259,1.0
43,261,1.0
44,262,1.0
45,263,0.8
46,264,1.0
47,265,1.0
48,266,0.9
49,267,0.9
5,223,1.0
50,268,1.0
51,269,1.0
52,270,1.0
53,271,1.0
54,272,1.0
55,273,1.0
56,274,1.0
57,275,0.9
58,276,1.0
59,277,0.9
6,224,0.9
61,279,1.0
63,281,1.0
64,282,0.9
65,283,1.0
66,284,0.9
67,285,1.0
68,286,1.0
69,287,0.9
7,225,1.0
70,288,1.0
71,289,1.0
72,290,1.0
73,291,1.0
74,292,0.9
75,293,1.0
76,294,1.0
77,295,1.0
78,296,1.0
79,297,1.0
8,226,0.9
80,298,1.0
81,299,1.0
82,300,1.0
83,301,1.0
84,302,1.0
85,303,0.8
86,304,1.0
87,305,0.8
88,306,1.0
89,307,1.0
89,308,1.0
9,227,1.0
90,307,1.0
90,308,1.0
91,309,1.0
91,330,0.9
92,310,1.0
93,311,0.8
94,312,1.0
95,313,1.0
96,314,1.0
97,315,0.9
98,316,1.0
99,317,1.0
