id1,id2,matching_probability
0,232,1.0
1,270,1.0
10,45,1.0
100,144,1.0
101,81,0.9
102,536,1.0
103,58,1.0
104,4,1.0
105,146,1.0
106,93,1.0
1084,2125,0.581666666667
110,122,0.9
1100,1670,0.7
111,164,0.9
112,331,0.8
113,46,1.0
1130,1514,0.6
114,52,0.9
116,68,0.9
117,72,1.0
118,69,1.0
119,961,1.0
1199,2399,0.85
12,108,1.0
122,48,0.9
1220,1979,0.9
123,75,1.0
1234,2391,1.0
124,152,1.0
1244,2082,1.0
125,614,0.8
1251,1487,1.0
127,349,0.8
1279,2006,0.6
128,119,1.0
129,796,0.9
13,291,0.9
130,148,0.9
132,767,1.0
134,212,0.9
1344,1504,0.8
135,281,1.0
136,109,0.9
14,1,1.0
140,558,1.0
142,482,0.8
1434,2032,0.95
1435,2039,0.9
144,361,1.0
145,121,0.9
146,43,0.9
1466,2349,1.0
147,135,0.9
148,71,0.9
1492,1637,1.0
15,178,1.0
151,956,1.0
153,224,1.0
154,272,1.0
155,564,0.9
156,131,1.0
1567,1610,0.9
157,734,1.0
157,877,1.0
158,549,0.9
1581,1750,1.0
159,412,1.0
160,246,0.9
1603,1806,1.0
163,678,1.0
1656,1658,0.9
166,117,0.9
167,912,1.0
168,347,1.0
169,66,1.0
170,39,0.9
171,676,0.9
1711,2309,0.8
173,892,1.0
174,889,0.7
175,647,0.9
1766,2297,1.0
1767,2786,0.9
1768,2589,0.8
177,73,1.0
178,542,0.9
179,98,1.0
1796,1515,0.7
18,162,1.0
182,488,1.0
1823,1942,0.8
183,451,1.0
184,2,1.0
187,61,1.0
190,18,1.0
191,679,1.0
1928,3041,0.7
193,25,1.0
195,658,1.0
1951,4242,1.0
1952,3738,0.6
198,106,1.0
199,169,0.9
2,187,1.0
20,173,1.0
200,365,1.0
2003,3373,0.866666666667
201,287,0.9
202,41,1.0
2027,3282,0.8
204,62,1.0
205,392,0.9
208,342,1.0
2090,2933,0.8
21,70,1.0
212,123,0.9
2121,3093,0.85
2138,3221,1.0
215,142,0.9
217,83,1.0
219,284,1.0
220,76,0.9
222,104,1.0
2232,3007,1.0
225,387,1.0
226,330,1.0
2261,3036,0.9
228,22,1.0
231,50,1.0
235,369,1.0
236,817,0.9
237,326,1.0
2376,2962,1.0
2377,3689,0.6
2377,3996,0.516666666667
239,234,1.0
24,79,0.7
241,377,0.9
242,955,1.0
243,112,1.0
245,524,0.9
2458,2986,0.8
246,155,0.9
249,240,1.0
2496,4367,1.0
25,313,0.9
250,179,1.0
2502,2951,0.6
251,271,0.9
2514,3391,0.8
252,373,0.9
253,114,1.0
254,16,1.0
2544,3264,0.8
255,290,0.9
258,33,0.9
259,295,1.0
26,56,0.9
260,28,1.0
262,86,0.9
263,124,1.0
265,225,0.9
266,258,1.0
267,770,1.0
268,534,1.0
269,151,1.0
27,963,0.9
270,260,0.966666666667
271,206,1.0
272,40,1.0
273,544,1.0
274,42,0.9
279,87,1.0
28,47,1.0
2831,3193,0.95
284,208,1.0
286,898,1.0
288,26,0.9
289,241,0.9
29,345,0.9
290,573,1.0
291,407,1.0
293,440,0.9
2966,4650,1.0
297,539,1.0
2991,4481,0.7
3,750,0.9
302,268,1.0
303,132,0.9
304,100,0.9
3040,4569,0.94
307,298,1.0
3071,4922,0.8
308,30,1.0
309,8,0.8
3107,4442,0.575
311,915,0.9
3113,4947,0.7
312,371,1.0
3120,4683,1.0
314,177,0.9
315,857,0.9
316,470,0.9
318,305,1.0
319,99,0.9
32,261,0.95
322,242,1.0
323,491,1.0
325,797,1.0
3254,4430,0.9
327,364,0.9
329,337,1.0
330,533,0.9
331,348,0.9
331,576,0.8
332,285,1.0
335,445,0.9
337,262,0.9
3373,4583,0.85
3388,4603,0.8
339,12,0.95
3390,4464,1.0
34,510,1.0
341,309,1.0
3419,4658,0.8
3424,4526,1.0
343,577,0.8
3448,4461,0.591666666667
346,1270,0.8
346,909,1.0
3495,4503,1.0
35,220,1.0
350,138,1.0
351,283,0.8
3516,4952,0.7
352,893,0.9
3526,4941,1.0
355,159,0.9
356,102,1.0
358,92,1.0
36,176,0.8
360,592,1.0
362,267,1.0
3638,5642,0.6
364,626,0.9
3648,4717,0.7
365,540,1.0
366,239,1.0
367,634,0.9
368,559,0.95
3680,5017,1.0
37,911,1.0
370,181,1.0
377,528,1.0
378,1136,0.7
3783,4549,1.0
3794,5170,1.0
38,202,1.0
383,508,1.0
385,468,0.9
386,31,1.0
388,115,0.8
389,400,1.0
390,825,0.8
392,245,1.0
394,315,0.9
395,316,1.0
396,195,0.9
397,791,1.0
4,624,0.9
400,752,0.9
401,465,0.9
402,223,1.0
407,360,0.9
408,427,1.0
41,37,0.9
411,219,0.9
413,317,0.7
417,175,1.0
419,411,1.0
420,264,1.0
425,185,0.9
427,174,0.9
428,103,0.7
429,945,1.0
43,1245,0.8
431,38,1.0
433,235,1.0
434,712,0.866666666667
436,57,0.9
437,404,0.7
438,591,0.8
44,166,1.0
440,218,1.0
441,201,1.0
442,661,1.0
443,311,0.85
445,426,0.9
446,244,1.0
448,221,0.9
449,101,0.9
450,67,1.0
451,19,1.0
455,563,0.9
460,296,0.9
461,163,1.0
462,675,0.8
465,543,1.0
466,651,0.9
467,631,0.9
469,443,1.0
471,171,0.9
472,548,1.0
474,289,0.9
475,939,1.0
476,553,1.0
477,297,1.0
478,237,0.9
479,327,0.8
480,495,1.0
481,433,0.6
482,493,0.9
485,526,0.9
489,459,1.0
49,851,0.9
490,565,0.9
494,1023,1.0
495,635,1.0
496,688,1.0
499,580,1.0
5,85,1.0
50,254,1.0
500,150,1.0
503,257,1.0
506,698,0.9
51,334,1.0
511,942,0.9
512,706,1.0
513,233,1.0
514,384,0.8
516,325,0.9
518,374,1.0
520,456,1.0
521,541,0.9
523,436,1.0
524,300,1.0
525,741,1.0
526,335,1.0
528,1242,0.7
53,194,0.9
530,518,0.95
531,461,1.0
533,140,0.9
535,217,1.0
538,263,1.0
538,648,0.95
539,852,0.966666666667
540,703,0.866666666667
542,357,0.9
546,417,0.7
547,136,0.8
549,934,0.9
550,746,1.0
551,336,1.0
553,156,0.9
556,657,0.9
56,216,1.0
560,363,1.0
561,447,1.0
562,636,1.0
565,711,1.0
567,362,1.0
569,379,0.7
57,89,1.0
572,333,0.7
573,282,1.0
575,306,1.0
577,145,1.0
58,51,1.0
581,650,1.0
582,435,1.0
583,494,0.7
584,788,0.7
587,525,1.0
588,578,1.0
589,134,1.0
59,0,1.0
591,489,0.9
593,527,1.0
594,600,1.0
595,382,1.0
598,252,1.0
60,84,1.0
601,562,1.0
603,757,1.0
604,632,1.0
608,500,1.0
610,339,0.9
615,604,1.0
62,78,1.0
624,213,1.0
629,707,0.9
63,65,0.8
633,693,1.0
634,547,1.0
636,1263,0.9
636,1367,1.0
637,372,0.95
639,278,0.95
64,32,1.0
640,314,1.0
644,804,0.9
648,497,0.95
649,321,0.95
65,545,0.9
650,389,0.9
652,953,1.0
653,352,1.0
654,944,1.0
655,567,1.0
658,390,1.0
659,273,1.0
66,53,1.0
661,529,0.9
672,190,0.95
673,432,1.0
674,672,0.9
675,644,1.0
676,450,1.0
677,910,1.0
68,49,0.9
680,925,0.9
684,538,1.0
686,505,0.9
69,462,1.0
693,1274,1.0
695,778,0.8
696,731,1.0
697,787,1.0
698,949,0.95
70,627,0.9
701,550,0.95
703,686,0.95
711,448,1.0
714,643,0.8
716,946,1.0
718,502,1.0
72,180,0.9
722,1433,1.0
724,1366,0.9
724,1390,1.0
724,307,0.8
726,437,1.0
728,938,1.0
730,659,1.0
74,183,1.0
741,790,1.0
743,383,1.0
745,557,1.0
746,405,0.9
75,77,1.0
751,129,1.0
754,615,1.0
765,642,1.0
769,695,1.0
77,789,0.8
773,918,0.9
776,189,0.7
783,375,1.0
787,649,0.9
79,34,1.0
795,928,1.0
799,498,0.8
8,269,0.9
805,684,1.0
806,499,1.0
81,161,1.0
812,590,1.0
815,506,1.0
818,941,1.0
82,323,1.0
820,737,0.9
824,937,1.0
834,699,0.6
849,1395,1.0
85,485,1.0
853,414,1.0
855,719,0.9
855,928,0.9
858,831,1.0
859,904,0.8
869,699,1.0
87,27,1.0
88,95,1.0
889,301,1.0
890,516,1.0
893,1307,1.0
894,900,1.0
9,668,0.9
92,346,0.9
93,891,1.0
935,618,0.866666666667
936,420,1.0
94,308,0.866666666667
96,80,1.0
97,203,0.9
98,44,0.9
99,88,1.0
